02/09/2023 ASIN 56 59 28.43996 86 07 22.53835 74.501 110.306
02/09/2023 BELV 54 25 07.35924 86 18 16.80601 175.092 214.358
02/09/2023 LENK 54 41 36.30006 86 12 08.39631 247.384 285.920
02/09/2023 BADG 51 46 10.93525 102 14 05.96617 811.429 850.197
02/09/2023 BJFS 39 36 30.95799 115 53 32.97166 87.465 97.506
02/09/2023 CHUM 42 59 54.60581 74 45 03.97735 716.340 759.330
02/09/2023 KIR0 67 52 39.28191 21 03 36.89109 498.194 469.394
02/09/2023 KIT3 39 08 05.16402 66 53 07.62479 622.468 659.565
02/09/2023 LCK3 26 54 43.85562 80 57 20.30079 64.150 129.814
02/09/2023 P0L2 42 40 47.17502 74 41 39.37670 1714.213 1754.279
02/09/2023 TASH 41 19 40.97950 69 17 44.06002 439.710 483.280
02/09/2023 URUM 43 48 28.62005 87 36 02.42341 858.856 922.235
03/04/2023 APAT 67 34 13.89776 33 23 52.01933 224.561 206.069
03/04/2023 ATKA 51 53 33.00186 45 00 40.68991 219.558 216.217
03/04/2023 CHEB 56 06 45.26677 47 16 27.24305 190.348 184.131
03/04/2023 CHEK 44 11 17.02641 42 02 12.75500 580.665 563.392
03/04/2023 CHER 59 16 55.55875 38 01 24.29584 142.118 129.199
03/04/2023 BUCU 44 27 50.20902 26 007 32.68554 143.220 107.672
03/04/2023 DRAG 31 35 35.53464 35 23 31.46922 31.861 13.607
03/04/2023 GLSV 50 21 51.06554 30 29 48.25699 226.305 200.763
03/04/2023 J0Z2 52 05 52.21747 21 01 56.48424 152.496 120.953
03/04/2023 KIR0 67 52 39.28180 21 03 36.89020 498.162 469.362
03/04/2023 MAR6 60 35 42.52611 17 15 30.71681 75.579 50.691
03/04/2023 MDVJ 56 01 17.37929 37 12 52.23812 257.101 241.406
03/04/2023 METG 60 14 31.08527 24 23 03.04353 59.697 40.768
03/04/2023 NYA1 78 55 46.40581 11 51 55.14575 84.394 48.800
03/04/2023 P0LV 49 36 09.41743 34 32 34.56987 178.347 159.766
03/04/2023 RIGA 56 56 55.03870 24 03 31.60756 34.725 13.601
03/04/2023 TR01 69 39 45.79415 18 56 22.75285 138.132 106.686
03/04/2023 ZECK 43 47 18.22102 41 33 54.25908 1166.300 1143.400
