02/09/2023 ASIN 56 59 28.43996 86 07 22.53835 74.501 110.306
02/09/2023 BELV 54 25 07.35924 86 18 16.80601 175.092 214.358
02/09/2023 LENK 54 41 36.30006 86 12 08.39631 247.384 285.920
02/09/2023 BADG 51 46 10.93525 102 14 05.96617 811.429 850.197
02/09/2023 BJFS 39 36 30.95799 115 53 32.97166 87.465 97.506
02/09/2023 CHUM 42 59 54.60581 74 45 03.97735 716.340 759.330
02/09/2023 KIR0 67 52 39.28191 21 03 36.89109 498.194 469.394
02/09/2023 KIT3 39 08 05.16402 66 53 07.62479 622.468 659.565
02/09/2023 LCK3 26 54 43.85562 80 57 20.30079 64.150 129.814
02/09/2023 P0L2 42 40 47.17502 74 41 39.37670 1714.213 1754.279
02/09/2023 TASH 41 19 40.97950 69 17 44.06002 439.710 483.280
02/09/2023 URUM 43 48 28.62005 87 36 02.42341 858.856 922.235
04/09/2023 BELV 54 25 07.35913 86 18 16.80603 175.111 214.377
04/09/2023 KMER 55 20 36.28698 86 03 51.41395 112.654 149.413
04/09/2023 LENK 54 41 36.30002 86 12 08.39636 247.390 285.926
04/09/2023 BADG 51 46 10.93518 102 14 05.96626 811.428 850.196
04/09/2023 BJFS 39 36 30.95798 115 53 32.97170 87.467 97.508
04/09/2023 CHUM 42 59 54.60586 74 45 03.97736 716.338 759.328
04/09/2023 JFNG 30 30 56.03131 114 29 27.68265 71.308 84.718
04/09/2023 KIT3 39 08 05.16399 66 53 07.62488 622.470 659.567
04/09/2023 LCK3 26 54 43.85563 80 57 20.30076 64.140 129.804
04/09/2023 MDVJ 56 01 17.37938 37 12 52.23880 257.109 241.414
04/09/2023 N0VM 55 01 49.80325 82 54 34.18241 150.100 186.331
04/09/2023 P0L2 42 40 47.17499 74 41 39.37677 1714.206 1754.272
04/09/2023 TASH 41 19 40.97956 69 17 44.06002 439.700 483.270
04/09/2023 URUM 43 48 28.61999 87 36 02.42351 858.844 922.223
02/09/2023 ASIN 56 59 28.43996 86 07 22.53835 74.501 110.306
02/09/2023 BELV 54 25 07.35924 86 18 16.80601 175.092 214.358
02/09/2023 LENK 54 41 36.30006 86 12 08.39631 247.384 285.920
02/09/2023 BADG 51 46 10.93525 102 14 05.96617 811.429 850.197
02/09/2023 BJFS 39 36 30.95799 115 53 32.97166 87.465 97.506
02/09/2023 CHUM 42 59 54.60581 74 45 03.97735 716.340 759.330
02/09/2023 KIR0 67 52 39.28191 21 03 36.89109 498.194 469.394
02/09/2023 KIT3 39 08 05.16402 66 53 07.62479 622.468 659.565
02/09/2023 LCK3 26 54 43.85562 80 57 20.30079 64.150 129.814
02/09/2023 P0L2 42 40 47.17502 74 41 39.37670 1714.213 1754.279
02/09/2023 TASH 41 19 40.97950 69 17 44.06002 439.710 483.280
02/09/2023 URUM 43 48 28.62005 87 36 02.42341 858.856 922.235
04/09/2023 BELV 54 25 07.35913 86 18 16.80603 175.111 214.377
04/09/2023 KMER 55 20 36.28698 86 03 51.41395 112.654 149.413
04/09/2023 LENK 54 41 36.30002 86 12 08.39636 247.390 285.926
04/09/2023 BADG 51 46 10.93518 102 14 05.96626 811.428 850.196
04/09/2023 BJFS 39 36 30.95798 115 53 32.97170 87.467 97.508
04/09/2023 CHUM 42 59 54.60586 74 45 03.97736 716.338 759.328
04/09/2023 JFNG 30 30 56.03131 114 29 27.68265 71.308 84.718
04/09/2023 KIT3 39 08 05.16399 66 53 07.62488 622.470 659.567
04/09/2023 LCK3 26 54 43.85563 80 57 20.30076 64.140 129.804
04/09/2023 MDVJ 56 01 17.37938 37 12 52.23880 257.109 241.414
04/09/2023 N0VM 55 01 49.80325 82 54 34.18241 150.100 186.331
04/09/2023 P0L2 42 40 47.17499 74 41 39.37677 1714.206 1754.272
04/09/2023 TASH 41 19 40.97956 69 17 44.06002 439.700 483.270
04/09/2023 URUM 43 48 28.61999 87 36 02.42351 858.844 922.223
